0.0 104.39000490502247 0.0 0.0 0.0 640.5922943297818 0.0 0.0 38.42256568198585 40.06913532451834 4849.534146327263 0.0 0.0 149.7816851709381 0.0 0.0 295.1416002522033 4140.319224954772 236.19886774740687 198.49975792187087 39.50484736744289 0.0 0.0 0.0 0.0 366.385628795869 0.0 732.510129255588 0.0 586.1882447789309 290.6512975213242 418.3075591985171 0.0 0.0 414.983103975462 0.0 3744.1695080318477 3084.0129804891158 0.0 0.0 2016.0856830385146 0.0 422.6525393819445 529.8768885200058 0.0 857.8563216437219 290.43955129421926 0.0 1494.1955373572812 0.0
179.79211572569662 0.0 722.2894593853888 1382.2347079191943 0.0 620.0210405069765 2906.5941807299596 0.0 0.0 0.0 7166.647260157105 0.0 0.0 0.0 0.0 539.0681199642366 0.0 3692.6575615020474 0.0 0.0 0.0 1070.0019827452093 702.5258751301138 366.47978567809554 0.0 298.60483914896577 0.0 600.5031443494887 0.0 0.0 0.0 374.8570096193837 816.9528918838331 17684.903209024145 0.0 0.0 3986.7020066336854 0.0 0.0 0.0 0.0 0.0 0.0 525.529639408252 0.0 0.0 0.0 0.0 0.0 261.28926833143476
0.0 0.0 520.5845487274548 0.0 0.0 485.70859877005125 2061.34094147018 0.0 0.0 30.734831704338095 0.0 0.0 0.0 126.41539610166696 0.0 605.4077863062827 209.87850546434558 0.0 258.2634349381537 0.0 22.805481014173576 626.0220269605071 0.0 189.2048846728746 921.2823510314736 320.96371614707243 2808.4993678250094 499.9091164578839 0.0 454.1067455664845 171.05699543049383 319.21632043776714 843.3382247722459 0.0 0.0 393.1906759786366 4405.984183758829 0.0 741.7510353909311 0.0 1599.0577692443742 0.0 0.0 345.0846970685228 0.0 726.2745212290206 221.7143010980853 0.0 0.0 206.8241269808081
0.0 111.31195023906143 0.0 1876.3965243129674 36.045033151567736 580.1099049331233 0.0 1275.0053416976016 41.110922989657645 39.05480945354434 6537.7240411974 0.0 0.0 145.47334338621187 676.6055107727535 646.124621893134 0.0 0.0 0.0 244.91363196974973 0.0 1113.149572593637 0.0 0.0 995.903521590868 331.0316298928579 3185.6903559190805 690.3543473395924 500.1756489511374 633.891033317029 209.26256998692526 0.0 868.2527691022601 18034.599268754304 391.3047101938954 349.4350294248867 0.0 0.0 0.0 0.0 1773.0474233276811 0.0 309.0940663607389 557.3122988691501 0.0 751.0290891219876 202.5008597920423 0.0 1563.4603368332364 0.0
175.2945294577247 113.41842473454689 727.2392997181532 1681.807282014115 0.0 0.0 2092.3804782047678 1239.256380544698 35.68250913482607 0.0 0.0 0.0 0.0 139.9355609168552 0.0 0.0 246.5843374364999 0.0 0.0 234.96545637608483 0.0 0.0 0.0 417.4141026778382 891.4528245659252 0.0 0.0 707.2350738504899 638.4335521135278 0.0 0.0 372.05448651636203 628.5927052030323 0.0 318.85823812484637 0.0 3251.6933784644093 0.0 0.0 398.3504314438902 0.0 0.0 0.0 464.18286344142496 0.0 766.2282315398229 222.72515313769603 47.928057239296606 0.0 0.0
0.0 74.95765025686163 0.0 1243.0244751586292 20.891625275800042 451.66870722641045 0.0 857.2120457853614 27.31595891689533 0.0 3278.1209351031785 0.0 1447.9103701888332 0.0 0.0 0.0 155.25181809365353 0.0 0.0 0.0 28.160634009324003 0.0 0.0 0.0 526.5523906135259 0.0 0.0 368.29890221391565 530.0318345044655 0.0 0.0 323.7739510332941 0.0 0.0 0.0 0.0 3570.7989318409227 2265.485111184076 549.6010726963373 220.7450532789498 1358.6131435239422 0.0 0.0 0.0 0.0 535.4887236586264 201.79559837230025 0.0 0.0 0.0
156.069864174171 105.22742729456115 617.3551029321916 0.0 39.636979089162374 763.4790169714499 3792.0910981366246 0.0 0.0 0.0 0.0 0.0 1616.2002203070856 0.0 0.0 0.0 0.0 4432.862931638834 273.3439269738976 227.04491632025704 52.59643105348356 1092.6925238779913 784.4086119922436 0.0 0.0 0.0 6214.491404294095 710.5717514861283 363.16812336505336 499.6970130554729 0.0 0.0 0.0 0.0 462.56300068831155 385.6052631027459 4750.5194094844965 3475.61059665579 0.0 0.0 2522.786637693537 0.0 306.3497551552365 681.8896561885521 0.0 931.8220003354224 0.0 0.0 0.0 251.8831406914646
143.7100291154583 0.0 576.571189919691 1004.9446006029962 23.140829951877315 507.6333174003215 2840.4654113557363 0.0 29.51704997580379 27.670217360665344 4749.019981869349 0.0 1039.3341313075832 121.88742426212802 550.0067215700451 298.76804829915386 0.0 2447.8942343877834 265.2624090943097 0.0 31.578189617389782 626.7474555757141 0.0 0.0 734.6829656034413 226.75837646234868 5250.518021645932 394.96769431665075 0.0 0.0 0.0 268.96447744694865 0.0 0.0 0.0 0.0 2085.02993262897 0.0 504.25017952961474 210.05947554455395 0.0 846.9907764860832 0.0 402.0146716197364 0.0 562.3446131674548 148.3966104303889 0.0 0.0 0.0
0.0 109.99358887622337 0.0 0.0 45.13132220878898 659.2928976655035 0.0 0.0 32.28169480420892 44.0781266455267 0.0 987.339180638174 1696.141328373291 0.0 0.0 0.0 256.32344683476015 2846.8752826815507 0.0 0.0 0.0 693.1830168548112 604.055393414591 0.0 0.0 349.19699246919276 0.0 0.0 520.2425904231652 0.0 206.1091411125936 380.50422432244096 757.4621531640845 0.0 0.0 426.2519751282972 5038.760140046678 0.0 0.0 0.0 0.0 0.0 0.0 0.0 2086.017880182256 0.0 231.097581475553 47.35161493382332 0.0 0.0
169.70925788900865 97.82641221241039 681.3891063854924 0.0 40.65444914890672 0.0 2321.0033295609464 0.0 35.97192847417904 33.96340995959046 7237.253867178748 1094.547820729316 0.0 0.0 529.0786156342267 0.0 198.72682555825952 0.0 265.16238305207617 0.0 0.0 795.347120941302 0.0 285.3635344780736 723.9378743749334 0.0 0.0 0.0 513.7289349775313 0.0 0.0 359.9536166017009 0.0 0.0 357.14245882256995 0.0 0.0 0.0 0.0 348.13661682151576 1941.5656535349935 0.0 0.0 495.5547850849705 2453.9555437115237 0.0 247.37900874037967 0.0 1506.740008805022 0.0
122.41426392723996 0.0 707.608837439971 1348.0912762817554 23.169271624446438 555.6032922722549 0.0 1222.4421337285619 0.0 0.0 0.0 708.9817270035921 1067.2344248874356 0.0 635.4130835914982 564.0111796985656 0.0 0.0 217.39300961332995 0.0 38.23292488315847 0.0 520.2250980342858 0.0 0.0 0.0 0.0 526.9837828218101 0.0 556.6853822804384 0.0 323.831946368388 0.0 0.0 0.0 378.0040392967852 3225.9811162709807 2356.9464348859287 0.0 0.0 0.0 0.0 0.0 0.0 0.0 0.0 0.0 39.69083413010447 0.0 0.0
0.0 0.0 0.0 0.0 0.0 0.0 1852.2245597798885 0.0 0.0 0.0 0.0 855.5584815033309 1287.3165092449658 149.26420403337414 653.2437831724059 581.3334590027812 0.0 0.0 287.6983833148065 0.0 0.0 904.3853049414369 0.0 0.0 0.0 249.96871734327826 4106.783969329979 463.38771087519245 0.0 628.2468320655444 0.0 0.0 0.0 12217.686976438918 255.8644853868921 449.4467272573244 0.0 1924.5542430627686 0.0 324.59580672535435 1956.1459459934786 1103.0282935069088 0.0 0.0 0.0 0.0 0.0 0.0 1666.456697461584 229.6943549648514
183.78186522153004 111.77420561174034 0.0 0.0 34.430161141459386 658.7287136418831 0.0 0.0 0.0 42.75452686087574 6105.675474162968 1228.1323330544394 2218.4335185298073 184.7977904589749 0.0 714.4239661314549 0.0 3509.926628601988 0.0 276.4981670871857 0.0 0.0 575.7765212536895 0.0 0.0 443.2037775722171 0.0 0.0 0.0 0.0 317.76300912481736 0.0 0.0 19089.182044676887 0.0 0.0 0.0 0.0 0.0 410.38169196787754 0.0 1550.9617360269087 321.6476526803745 601.4958533976297 0.0 1187.5675605491056 0.0 0.0 0.0 0.0
0.0 0.0 644.3727905571257 1149.140117363348 35.5829504090855 598.0012547884986 2169.8581085984183 0.0 0.0 0.0 0.0 0.0 1518.9127176205757 145.25484319014984 0.0 542.0159515789431 0.0 0.0 276.3296228024266 0.0 32.37464254586985 729.9962412553676 489.3078376242134 340.2251071631783 809.4704229353924 0.0 0.0 523.4732281827237 619.2442048130875 0.0 237.35835463052658 0.0 646.3377046123776 12914.524956724976 345.8326304107976 0.0 3351.710035036371 0.0 0.0 0.0 1508.636588160614 1145.6218007447121 266.26379407473246 518.8063552706759 1948.804118581906 775.4005230427485 226.8666018954209 49.44003133047748 1223.9806086346655 228.89437698558004
180.31285932494137 113.31781968221352 0.0 0.0 27.07033177262816 717.9814439610684 2162.8033107832484 732.5281767664706 37.2704092966996 0.0 0.0 0.0 0.0 212.79663318997228 0.0 570.8286135847322 230.15142993684697 2610.025277181736 235.24791727154525 266.4524790041031 46.438577240311446 0.0 0.0 0.0 0.0 0.0 0.0 0.0 0.0 540.9072494552265 269.8143169402232 0.0 539.8931042851109 0.0 318.2163174548541 397.3536901268208 0.0 2456.8302592271684 0.0 306.46693515967877 0.0 0.0 377.37988583760443 0.0 1810.5256037154763 735.6806181234167 0.0 0.0 0.0 0.0
159.26461273838544 0.0 0.0 1214.548339970361 25.02809144087899 578.6500133077482 0.0 1325.4525252481726 0.0 0.0 5479.335994034212 0.0 1216.0461115226894 162.1683944224078 0.0 0.0 191.38824257506147 1801.3387472990814 347.34420804422837 223.4021828497074 0.0 862.8662798619412 655.7333880552926 351.85461534190773 916.0666347583405 0.0 0.0 653.7421812778877 0.0 0.0 275.1103866125112 0.0 0.0 14904.582338817925 0.0 0.0 3403.370824233517 0.0 0.0 340.46829999123855 0.0 1319.9116078954416 0.0 381.24338886571906 0.0 0.0 294.56554732430976 59.42628162189605 1337.007147492285 0.0
0.0 73.1344097290757 0.0 1432.7508830875647 38.33448808712041 0.0 2073.927351129125 0.0 0.0 0.0 0.0 0.0 0.0 162.76515882136076 0.0 626.8854508249143 0.0 0.0 0.0 174.47500273704838 0.0 796.6902048062559 0.0 0.0 0.0 0.0 3555.115480471612 758.8342616330149 555.8630589496396 641.6231894524755 0.0 335.57515344690455 859.5350043726573 0.0 425.62794315873253 0.0 0.0 0.0 0.0 0.0 1533.1129121966856 0.0 246.70085642451235 297.9076020199002 2699.8463881369353 0.0 0.0 0.0 0.0 0.0
0.0 61.82272455552334 519.9942748754373 0.0 0.0 0.0 0.0 865.7396072529059 0.0 30.248457604490007 0.0 0.0 0.0 0.0 663.2326810207093 0.0 199.1591754027666 1614.1087282816309 171.90585155153857 153.1130028633298 31.68249979980922 655.4865184410507 0.0 265.3581868588135 684.8448153726085 0.0 0.0 0.0 0.0 0.0 0.0 0.0 623.0180803806061 8349.956858014782 0.0 270.832034358641 2953.6732828268514 1910.742460430979 0.0 307.9807508770349 1293.924647610292 0.0 0.0 0.0 1698.7140400577923 0.0 165.1500836267769 0.0 1003.7421827347832 134.0181055770974
161.9778583837035 93.3667121068024 0.0 1519.0281264237267 34.54577594296738 622.2562962790927 2452.5378756589434 1337.6026828662414 0.0 32.8178717392355 6048.7202644188355 0.0 0.0 0.0 0.0 0.0 262.66157522706703 2653.4130115939433 307.05519614387526 212.21361459085244 0.0 1078.2488313261263 0.0 335.8065582015549 0.0 363.33541665241046 0.0 0.0 598.1926243969558 0.0 254.8292745019155 0.0 0.0 0.0 377.4437769231623 0.0 4488.508481686468 0.0 0.0 0.0 1885.2621871237357 1474.200313827853 0.0 647.1803946966555 2316.962507314601 0.0 0.0 0.0 1507.0351555689815 275.4134417712682
0.0 89.04951091040438 541.7022651829461 1037.9814487223261 0.0 648.5486623043753 2093.2702332275157 909.4527066870432 0.0 22.292795082432246 5128.924894539088 598.1330212780863 1384.2354627020986 0.0 0.0 0.0 0.0 3468.3322162415293 272.6755399851551 0.0 0.0 787.5424006099945 0.0 304.13989908367483 693.9420485256364 303.2142072993645 4619.911328606068 0.0 495.1781109723687 0.0 159.40628655962735 0.0 0.0 0.0 0.0 282.9133298719598 0.0 1858.5564770030196 0.0 0.0 0.0 0.0 0.0 517.3196449958165 0.0 742.6605036126618 206.57467577476152 50.026769275990944 0.0 0.0
0.0 76.21739840433011 696.9082760339809 0.0 25.027791869990654 0.0 0.0 842.8958605037407 32.163228536087125 0.0 0.0 0.0 1394.5834363586928 94.83033925548474 0.0 0.0 211.70751390472986 0.0 181.42723430591428 206.85856563040312 29.083195294412814 0.0 569.3189315038313 285.9327045430127 0.0 419.6759528589415 4271.928558950334 0.0 335.78701685505837 384.9814489475845 184.24834084531759 0.0 0.0 0.0 236.53237367289054 307.06565238083255 0.0 1715.8023486820607 0.0 341.5225408021844 1576.6251501126521 1136.7977948131536 206.5934647226838 0.0 0.0 873.5131831537143 0.0 46.04543396024056 1474.1821839806694 151.83913517876903
137.99947606118633 0.0 0.0 0.0 28.701259433371796 0.0 0.0 657.4346402039826 0.0 0.0 0.0 0.0 941.871796750094 0.0 0.0 426.72429865870635 187.38947177639474 2878.7904657918475 0.0 0.0 31.950549758759912 707.9332062771815 430.14243899254257 0.0 0.0 361.7890033373302 0.0 583.8321101322247 437.3688653395424 485.1546307014041 269.5313630099551 365.78263968840474 0.0 13266.757036379815 369.5169529377255 341.1329670974699 3268.846849626295 687.0538395938231 654.3712147305091 383.61478595422057 0.0 639.3371110631336 0.0 0.0 1906.4746052576272 0.0 0.0 0.0 0.0 176.2942837849146
0.0 0.0 0.0 0.0 36.66007348311085 716.8960637634198 2600.560666429112 1016.5345010050573 37.6864959591164 26.503451157104024 5615.082556687518 0.0 1284.1817464786773 147.221236536145 586.5857380033443 450.44773815875556 245.92789886397543 3712.8648354980373 176.27351906327831 199.0175390143208 0.0 0.0 558.7907672118698 0.0 0.0 0.0 4138.3103397938185 519.4470364643531 0.0 0.0 0.0 332.6561614337261 0.0 11874.195665947775 0.0 337.03641091820833 3959.339045194773 1915.7441049111262 832.7182477981429 408.27484826854396 0.0 1164.8484924949726 0.0 695.9477537272172 2361.531402771906 0.0 0.0 48.14580320980876 0.0 0.0
0.0 0.0 0.0 933.9079916902513 25.644689505704836 0.0 1831.8384622967924 0.0 0.0 31.593391102572095 5687.3713045437025 575.689335458537 0.0 129.67648665450088 481.17736503867354 0.0 0.0 0.0 256.6969339672671 203.75924534394926 36.03874271992203 532.6484535841676 0.0 0.0 768.9674534259912 259.5372662449879 3518.6553516024915 0.0 0.0 425.0260293347633 295.16616868558185 304.8723673378652 448.34418071857476 0.0 309.7697460857722 0.0 1759.628432207759 0.0 0.0 0.0 0.0 968.6020447950782 0.0 373.59828440983284 2247.5080805823904 471.1587296757485 186.57453389245774 40.326609219847924 0.0 0.0
0.0 65.321337529436 0.0 1521.7581265085005 29.373177795173795 431.198072926577 0.0 694.334985067567 26.999158403721705 22.17324630354327 0.0 758.9101040004672 1157.1994253229707 112.75821029057742 0.0 0.0 198.80968156577336 3011.5242217917967 108.13197724671906 0.0 0.0 0.0 391.0016994228359 0.0 0.0 0.0 3435.8024154698287 0.0 0.0 0.0 0.0 0.0 551.8239405110292 13505.115414088763 0.0 324.3848146718095 3401.378724663455 1657.727738053594 0.0 310.24379995794754 1230.944611809133 888.5232542597792 234.33172780456542 358.03920589987723 1495.8973600732993 425.54559730454787 0.0 0.0 0.0 194.05600235745996
