0.0 104.39000490502247 0.0 0.0 0.0 640.5922943297818 0.0 0.0 38.42256568198585 40.06913532451834 4849.534146327263 0.0 0.0 149.7816851709381 0.0 0.0 295.1416002522033 4140.319224954772 236.19886774740687 198.49975792187087 39.50484736744289 0.0 0.0 0.0 0.0 366.385628795869 0.0 732.510129255588 0.0 586.1882447789309 290.6512975213242 418.3075591985171 0.0 0.0 414.983103975462 0.0 3744.1695080318477 3084.0129804891158 0.0 0.0 2016.0856830385146 0.0 422.6525393819445 529.8768885200058 0.0 857.8563216437219 290.43955129421926 0.0 1494.1955373572812 0.0
179.79211572569662 0.0 722.2894593853888 1382.2347079191943 0.0 620.0210405069765 2906.5941807299596 0.0 0.0 0.0 7166.647260157105 0.0 0.0 0.0 0.0 539.0681199642366 0.0 3692.6575615020474 0.0 0.0 0.0 1070.0019827452093 702.5258751301138 366.47978567809554 0.0 298.60483914896577 0.0 600.5031443494887 0.0 0.0 0.0 374.8570096193837 816.9528918838331 17684.903209024145 0.0 0.0 3986.7020066336854 0.0 0.0 0.0 0.0 0.0 0.0 525.529639408252 0.0 0.0 0.0 0.0 0.0 261.28926833143476
0.0 0.0 520.5845487274548 0.0 0.0 485.70859877005125 2061.34094147018 0.0 0.0 30.734831704338095 0.0 0.0 0.0 126.41539610166696 0.0 605.4077863062827 209.87850546434558 0.0 258.2634349381537 0.0 22.805481014173576 626.0220269605071 0.0 189.2048846728746 921.2823510314736 320.96371614707243 2808.4993678250094 499.9091164578839 0.0 454.1067455664845 171.05699543049383 319.21632043776714 843.3382247722459 0.0 0.0 393.1906759786366 4405.984183758829 0.0 741.7510353909311 0.0 1599.0577692443742 0.0 0.0 345.0846970685228 0.0 726.2745212290206 221.7143010980853 0.0 0.0 206.8241269808081
0.0 111.31195023906143 0.0 1876.3965243129674 36.045033151567736 580.1099049331233 0.0 1275.0053416976016 41.110922989657645 39.05480945354434 6537.7240411974 0.0 0.0 145.47334338621187 676.6055107727535 646.124621893134 0.0 0.0 0.0 244.91363196974973 0.0 1113.149572593637 0.0 0.0 995.903521590868 331.0316298928579 3185.6903559190805 690.3543473395924 500.1756489511374 633.891033317029 209.26256998692526 0.0 868.2527691022601 18034.599268754304 391.3047101938954 349.4350294248867 0.0 0.0 0.0 0.0 1773.0474233276811 0.0 309.0940663607389 557.3122988691501 0.0 751.0290891219876 202.5008597920423 0.0 1563.4603368332364 0.0
175.2945294577247 113.41842473454689 727.2392997181532 1681.807282014115 0.0 0.0 2092.3804782047678 1239.256380544698 35.68250913482607 0.0 0.0 0.0 0.0 139.9355609168552 0.0 0.0 246.5843374364999 0.0 0.0 234.96545637608483 0.0 0.0 0.0 417.4141026778382 891.4528245659252 0.0 0.0 707.2350738504899 638.4335521135278 0.0 0.0 372.05448651636203 628.5927052030323 0.0 318.85823812484637 0.0 3251.6933784644093 0.0 0.0 398.3504314438902 0.0 0.0 0.0 464.18286344142496 0.0 766.2282315398229 222.72515313769603 47.928057239296606 0.0 0.0
0.0 74.95765025686163 0.0 1243.0244751586292 20.891625275800042 451.66870722641045 0.0 857.2120457853614 27.31595891689533 0.0 3278.1209351031785 0.0 1447.9103701888332 0.0 0.0 0.0 155.25181809365353 0.0 0.0 0.0 28.160634009324003 0.0 0.0 0.0 526.5523906135259 0.0 0.0 368.29890221391565 530.0318345044655 0.0 0.0 323.7739510332941 0.0 0.0 0.0 0.0 3570.7989318409227 2265.485111184076 549.6010726963373 220.7450532789498 1358.6131435239422 0.0 0.0 0.0 0.0 535.4887236586264 201.79559837230025 0.0 0.0 0.0
156.069864174171 105.22742729456115 617.3551029321916 0.0 39.636979089162374 763.4790169714499 3792.0910981366246 0.0 0.0 0.0 0.0 0.0 1616.2002203070856 0.0 0.0 0.0 0.0 4432.862931638834 273.3439269738976 227.04491632025704 52.59643105348356 1092.6925238779913 784.4086119922436 0.0 0.0 0.0 6214.491404294095 710.5717514861283 363.16812336505336 499.6970130554729 0.0 0.0 0.0 0.0 462.56300068831155 385.6052631027459 4750.5194094844965 3475.61059665579 0.0 0.0 2522.786637693537 0.0 306.3497551552365 681.8896561885521 0.0 931.8220003354224 0.0 0.0 0.0 251.8831406914646
143.7100291154583 0.0 576.571189919691 1004.9446006029962 23.140829951877315 507.6333174003215 2840.4654113557363 0.0 29.51704997580379 27.670217360665344 4749.019981869349 0.0 1039.3341313075832 121.88742426212802 550.0067215700451 298.76804829915386 0.0 2447.8942343877834 265.2624090943097 0.0 31.578189617389782 626.7474555757141 0.0 0.0 734.6829656034413 226.75837646234868 5250.518021645932 394.96769431665075 0.0 0.0 0.0 268.96447744694865 0.0 0.0 0.0 0.0 2085.02993262897 0.0 504.25017952961474 210.05947554455395 0.0 846.9907764860832 0.0 402.0146716197364 0.0 562.3446131674548 148.3966104303889 0.0 0.0 0.0
0.0 109.99358887622337 0.0 0.0 45.13132220878898 659.2928976655035 0.0 0.0 32.28169480420892 44.0781266455267 0.0 987.339180638174 1696.141328373291 0.0 0.0 0.0 256.32344683476015 2846.8752826815507 0.0 0.0 0.0 693.1830168548112 604.055393414591 0.0 0.0 349.19699246919276 0.0 0.0 520.2425904231652 0.0 206.1091411125936 380.50422432244096 757.4621531640845 0.0 0.0 426.2519751282972 5038.760140046678 0.0 0.0 0.0 0.0 0.0 0.0 0.0 2086.017880182256 0.0 231.097581475553 47.35161493382332 0.0 0.0
169.70925788900865 97.82641221241039 681.3891063854924 0.0 40.65444914890672 0.0 2321.0033295609464 0.0 35.97192847417904 33.96340995959046 7237.253867178748 1094.547820729316 0.0 0.0 529.0786156342267 0.0 198.72682555825952 0.0 265.16238305207617 0.0 0.0 795.347120941302 0.0 285.3635344780736 723.9378743749334 0.0 0.0 0.0 513.7289349775313 0.0 0.0 359.9536166017009 0.0 0.0 357.14245882256995 0.0 0.0 0.0 0.0 348.13661682151576 1941.5656535349935 0.0 0.0 495.5547850849705 2453.9555437115237 0.0 247.37900874037967 0.0 1506.740008805022 0.0
122.41426392723996 0.0 707.608837439971 1348.0912762817554 23.169271624446438 555.6032922722549 0.0 1222.4421337285619 0.0 0.0 0.0 708.9817270035921 1067.2344248874356 0.0 635.4130835914982 564.0111796985656 0.0 0.0 217.39300961332995 0.0 38.23292488315847 0.0 520.2250980342858 0.0 0.0 0.0 0.0 526.9837828218101 0.0 556.6853822804384 0.0 323.831946368388 0.0 0.0 0.0 378.0040392967852 3225.9811162709807 2356.9464348859287 0.0 0.0 0.0 0.0 0.0 0.0 0.0 0.0 0.0 39.69083413010447 0.0 0.0
0.0 0.0 0.0 0.0 0.0 0.0 1852.2245597798885 0.0 0.0 0.0 0.0 855.5584815033309 1287.3165092449658 149.26420403337414 653.2437831724059 581.3334590027812 0.0 0.0 287.6983833148065 0.0 0.0 904.3853049414369 0.0 0.0 0.0 249.96871734327826 4106.783969329979 463.38771087519245 0.0 628.2468320655444 0.0 0.0 0.0 12217.686976438918 255.8644853868921 449.4467272573244 0.0 1924.5542430627686 0.0 324.59580672535435 1956.1459459934786 1103.0282935069088 0.0 0.0 0.0 0.0 0.0 0.0 1666.456697461584 229.6943549648514
183.78186522153004 111.77420561174034 0.0 0.0 34.430161141459386 658.7287136418831 0.0 0.0 0.0 42.75452686087574 6105.675474162968 1228.1323330544394 2218.4335185298073 184.7977904589749 0.0 714.4239661314549 0.0 3509.926628601988 0.0 276.4981670871857 0.0 0.0 575.7765212536895 0.0 0.0 443.2037775722171 0.0 0.0 0.0 0.0 317.76300912481736 0.0 0.0 19089.182044676887 0.0 0.0 0.0 0.0 0.0 410.38169196787754 0.0 1550.9617360269087 321.6476526803745 601.4958533976297 0.0 1187.5675605491056 0.0 0.0 0.0 0.0
0.0 0.0 644.3727905571257 1149.140117363348 35.5829504090855 598.0012547884986 2169.8581085984183 0.0 0.0 0.0 0.0 0.0 1518.9127176205757 145.25484319014984 0.0 542.0159515789431 0.0 0.0 276.3296228024266 0.0 32.37464254586985 729.9962412553676 489.3078376242134 340.2251071631783 809.4704229353924 0.0 0.0 523.4732281827237 619.2442048130875 0.0 237.35835463052658 0.0 646.3377046123776 12914.524956724976 345.8326304107976 0.0 3351.710035036371 0.0 0.0 0.0 1508.636588160614 1145.6218007447121 266.26379407473246 518.8063552706759 1948.804118581906 775.4005230427485 226.8666018954209 49.44003133047748 1223.9806086346655 228.89437698558004
180.31285932494137 113.31781968221352 0.0 0.0 27.07033177262816 717.9814439610684 2162.8033107832484 732.5281767664706 37.2704092966996 0.0 0.0 0.0 0.0 212.79663318997228 0.0 570.8286135847322 230.15142993684697 2610.025277181736 235.24791727154525 266.4524790041031 46.438577240311446 0.0 0.0 0.0 0.0 0.0 0.0 0.0 0.0 540.9072494552265 269.8143169402232 0.0 539.8931042851109 0.0 318.2163174548541 397.3536901268208 0.0 2456.8302592271684 0.0 306.46693515967877 0.0 0.0 377.37988583760443 0.0 1810.5256037154763 735.6806181234167 0.0 0.0 0.0 0.0
159.26461273838544 0.0 0.0 1214.548339970361 25.02809144087899 578.6500133077482 0.0 1325.4525252481726 0.0 0.0 5479.335994034212 0.0 1216.0461115226894 162.1683944224078 0.0 0.0 191.38824257506147 1801.3387472990814 347.34420804422837 223.4021828497074 0.0 862.8662798619412 655.7333880552926 351.85461534190773 916.0666347583405 0.0 0.0 653.7421812778877 0.0 0.0 275.1103866125112 0.0 0.0 14904.582338817925 0.0 0.0 3403.370824233517 0.0 0.0 340.46829999123855 0.0 1319.9116078954416 0.0 381.24338886571906 0.0 0.0 294.56554732430976 59.42628162189605 1337.007147492285 0.0
0.0 73.1344097290757 0.0 1432.7508830875647 38.33448808712041 0.0 2073.927351129125 0.0 0.0 0.0 0.0 0.0 0.0 162.76515882136076 0.0 626.8854508249143 0.0 0.0 0.0 174.47500273704838 0.0 796.6902048062559 0.0 0.0 0.0 0.0 3555.115480471612 758.8342616330149 555.8630589496396 641.6231894524755 0.0 335.57515344690455 859.5350043726573 0.0 425.62794315873253 0.0 0.0 0.0 0.0 0.0 1533.1129121966856 0.0 246.70085642451235 297.9076020199002 2699.8463881369353 0.0 0.0 0.0 0.0 0.0
0.0 61.82272455552334 519.9942748754373 0.0 0.0 0.0 0.0 865.7396072529059 0.0 30.248457604490007 0.0 0.0 0.0 0.0 663.2326810207093 0.0 199.1591754027666 1614.1087282816309 171.90585155153857 153.1130028633298 31.68249979980922 655.4865184410507 0.0 265.3581868588135 684.8448153726085 0.0 0.0 0.0 0.0 0.0 0.0 0.0 623.0180803806061 8349.956858014782 0.0 270.832034358641 2953.6732828268514 1910.742460430979 0.0 307.9807508770349 1293.924647610292 0.0 0.0 0.0 1698.7140400577923 0.0 165.1500836267769 0.0 1003.7421827347832 134.0181055770974
161.9778583837035 93.3667121068024 0.0 1519.0281264237267 34.54577594296738 622.2562962790927 2452.5378756589434 1337.6026828662414 0.0 32.8178717392355 6048.7202644188355 0.0 0.0 0.0 0.0 0.0 262.66157522706703 2653.4130115939433 307.05519614387526 212.21361459085244 0.0 1078.2488313261263 0.0 335.8065582015549 0.0 363.33541665241046 0.0 0.0 598.1926243969558 0.0 254.8292745019155 0.0 0.0 0.0 377.4437769231623 0.0 4488.508481686468 0.0 0.0 0.0 1885.2621871237357 1474.200313827853 0.0 647.1803946966555 2316.962507314601 0.0 0.0 0.0 1507.0351555689815 275.4134417712682
0.0 89.04951091040438 541.7022651829461 1037.9814487223261 0.0 648.5486623043753 2093.2702332275157 909.4527066870432 0.0 22.292795082432246 5128.924894539088 598.1330212780863 1384.2354627020986 0.0 0.0 0.0 0.0 3468.3322162415293 272.6755399851551 0.0 0.0 787.5424006099945 0.0 304.13989908367483 693.9420485256364 303.2142072993645 4619.911328606068 0.0 495.1781109723687 0.0 159.40628655962735 0.0 0.0 0.0 0.0 282.9133298719598 0.0 1858.5564770030196 0.0 0.0 0.0 0.0 0.0 517.3196449958165 0.0 742.6605036126618 206.57467577476152 50.026769275990944 0.0 0.0
0.0 76.21739840433011 696.9082760339809 0.0 25.027791869990654 0.0 0.0 842.8958605037407 32.163228536087125 0.0 0.0 0.0 1394.5834363586928 94.83033925548474 0.0 0.0 211.70751390472986 0.0 181.42723430591428 206.85856563040312 29.083195294412814 0.0 569.3189315038313 285.9327045430127 0.0 419.6759528589415 4271.928558950334 0.0 335.78701685505837 384.9814489475845 184.24834084531759 0.0 0.0 0.0 236.53237367289054 307.06565238083255 0.0 1715.8023486820607 0.0 341.5225408021844 1576.6251501126521 1136.7977948131536 206.5934647226838 0.0 0.0 873.5131831537143 0.0 46.04543396024056 1474.1821839806694 151.83913517876903
137.99947606118633 0.0 0.0 0.0 28.701259433371796 0.0 0.0 657.4346402039826 0.0 0.0 0.0 0.0 941.871796750094 0.0 0.0 426.72429865870635 187.38947177639474 2878.7904657918475 0.0 0.0 31.950549758759912 707.9332062771815 430.14243899254257 0.0 0.0 361.7890033373302 0.0 583.8321101322247 437.3688653395424 485.1546307014041 269.5313630099551 365.78263968840474 0.0 13266.757036379815 369.5169529377255 341.1329670974699 3268.846849626295 687.0538395938231 654.3712147305091 383.61478595422057 0.0 639.3371110631336 0.0 0.0 1906.4746052576272 0.0 0.0 0.0 0.0 176.2942837849146
0.0 0.0 0.0 0.0 36.66007348311085 716.8960637634198 2600.560666429112 1016.5345010050573 37.6864959591164 26.503451157104024 5615.082556687518 0.0 1284.1817464786773 147.221236536145 586.5857380033443 450.44773815875556 245.92789886397543 3712.8648354980373 176.27351906327831 199.0175390143208 0.0 0.0 558.7907672118698 0.0 0.0 0.0 4138.3103397938185 519.4470364643531 0.0 0.0 0.0 332.6561614337261 0.0 11874.195665947775 0.0 337.03641091820833 3959.339045194773 1915.7441049111262 832.7182477981429 408.27484826854396 0.0 1164.8484924949726 0.0 695.9477537272172 2361.531402771906 0.0 0.0 48.14580320980876 0.0 0.0
0.0 0.0 0.0 933.9079916902513 25.644689505704836 0.0 1831.8384622967924 0.0 0.0 31.593391102572095 5687.3713045437025 575.689335458537 0.0 129.67648665450088 481.17736503867354 0.0 0.0 0.0 256.6969339672671 203.75924534394926 36.03874271992203 532.6484535841676 0.0 0.0 768.9674534259912 259.5372662449879 3518.6553516024915 0.0 0.0 425.0260293347633 295.16616868558185 304.8723673378652 448.34418071857476 0.0 309.7697460857722 0.0 1759.628432207759 0.0 0.0 0.0 0.0 968.6020447950782 0.0 373.59828440983284 2247.5080805823904 471.1587296757485 186.57453389245774 40.326609219847924 0.0 0.0
0.0 65.321337529436 0.0 1521.7581265085005 29.373177795173795 431.198072926577 0.0 694.334985067567 26.999158403721705 22.17324630354327 0.0 758.9101040004672 1157.1994253229707 112.75821029057742 0.0 0.0 198.80968156577336 3011.5242217917967 108.13197724671906 0.0 0.0 0.0 391.0016994228359 0.0 0.0 0.0 3435.8024154698287 0.0 0.0 0.0 0.0 0.0 551.8239405110292 13505.115414088763 0.0 324.3848146718095 3401.378724663455 1657.727738053594 0.0 310.24379995794754 1230.944611809133 888.5232542597792 234.33172780456542 358.03920589987723 1495.8973600732993 425.54559730454787 0.0 0.0 0.0 194.05600235745996
212.56403054840507 0.0 0.0 0.0 0.0 0.0 3006.190682409231 0.0 48.236601535905834 0.0 8791.337521423871 1443.6502992398405 2182.7858897706737 0.0 0.0 0.0 292.5232418408794 3510.129733685846 0.0 279.1651651327399 0.0 0.0 0.0 0.0 1221.722057438459 411.21051522853725 5326.097051477255 987.8946477177719 0.0 0.0 0.0 473.8026029672024 1073.0233410079313 0.0 506.2805734281051 635.4175447794844 4931.1623500548685 3707.0908990345765 0.0 412.50127665637706 2624.860153017487 0.0 398.11582085505074 762.8494753719539 3360.0488477959316 0.0 247.87486521113826 0.0 2275.472055043847 0.0
134.95863198391032 0.0 0.0 1318.3084485707147 31.265579483159406 0.0 2639.0577612995066 0.0 0.0 0.0 4154.667211207826 0.0 1486.827718269557 0.0 0.0 453.683938511418 0.0 2576.0868266964876 0.0 171.3405547861541 27.320717394505095 749.6596531647134 0.0 231.93856832675004 0.0 0.0 3792.905768566831 456.42510149231464 0.0 366.976918407208 0.0 247.34297779858372 0.0 13043.560176972649 310.3208554249622 288.2977251791462 0.0 1764.8921842670204 664.1602054647568 327.0160861849478 1423.5688715349986 0.0 0.0 404.23406831357215 2216.8949682024618 601.6863910472663 185.98657103582823 44.97766573366479 0.0 218.55950753801724
123.42967742727213 0.0 0.0 1357.587906978488 33.91575700843661 0.0 0.0 0.0 30.142227272468823 0.0 0.0 704.8801409682939 1121.0720323448013 0.0 0.0 383.57473110070913 194.2589470224596 2968.9973346363727 0.0 0.0 44.68821867090328 1046.22906342145 0.0 335.3557767386834 596.838749999683 418.7187083713696 4580.688652513553 0.0 0.0 0.0 0.0 0.0 0.0 0.0 243.47666601202658 0.0 3301.721340953965 2322.7273670281807 0.0 0.0 1365.518232778563 721.2973145547945 234.29036265157998 0.0 2057.5458423260766 538.4353369949773 0.0 49.544860138369316 0.0 175.09651124023463
0.0 98.09932641776695 746.5005522870981 1076.7468565400313 32.60820189631358 0.0 2428.1143441078293 0.0 36.77075239486819 0.0 5131.479945823081 0.0 1195.0666429093649 0.0 587.224553020786 0.0 236.3220046406778 2940.2413172439815 245.73667565429014 197.75803204506227 42.4860457424538 0.0 550.5886642463253 0.0 0.0 337.9036601962213 0.0 0.0 501.20434617331006 0.0 0.0 0.0 619.2294002702015 13034.891384497858 0.0 364.64775872934945 0.0 0.0 0.0 0.0 1797.3414352326988 1088.9370221028705 260.5047234615524 429.1945710921412 2427.792115308221 722.6738532471437 226.03625746891552 0.0 0.0 0.0
0.0 96.54579340998525 541.3547542236718 0.0 35.3389142910709 597.3962837383614 0.0 0.0 0.0 32.50492184294886 6756.777628470042 1206.9903243770748 0.0 117.94446038043954 620.4696477170124 461.8291827689565 216.542598911485 3764.297413460456 0.0 204.66336802258272 0.0 774.7859256655249 551.4256169516079 298.9803536109652 0.0 0.0 4896.121457902544 0.0 572.8136156751442 0.0 0.0 0.0 0.0 0.0 0.0 0.0 0.0 2552.5195129262315 768.5524138744111 323.80133587431976 0.0 1214.577384274752 0.0 487.4110087655017 0.0 847.9669221090436 0.0 0.0 0.0 259.327983725089
0.0 0.0 0.0 0.0 0.0 486.4759555347863 2161.1994611421433 0.0 29.301153430092455 28.770876751718024 6026.303785819917 0.0 1417.4000432520052 0.0 528.8463094895274 559.0893343535121 0.0 0.0 267.77249635633564 219.35719059289423 0.0 691.537734011603 0.0 339.62872078496014 673.854927866219 308.44704225414137 3913.6797128425615 553.1174347050422 448.3528111309451 0.0 0.0 0.0 595.9944059266394 0.0 0.0 0.0 0.0 2316.6846004587087 847.4959117158653 289.96922270421095 1390.7403484634447 1083.3641744946308 264.7783173578416 366.8889692573264 0.0 680.14300769016 231.03344481411645 46.4543210197985 1241.9175317406132 211.61331797599325
110.43677925293397 0.0 725.3791181335055 1359.1455923136166 0.0 391.72840755609275 2269.99292895026 901.1626777135434 30.347277431678155 35.58651269788895 0.0 0.0 1406.8376130636912 129.4873411416498 392.74433802271153 638.5470422691642 267.83619189233593 0.0 0.0 139.4302500619016 32.77904807049807 718.9000540129332 401.8905329697359 0.0 0.0 0.0 0.0 558.7302531324294 453.164637615766 490.80850252540887 0.0 233.69768351036225 0.0 13294.175952034871 236.12756822112084 336.1732405416936 3691.926379702848 0.0 514.690044115604 268.9668560349195 1557.1579151793321 795.5399032420027 236.69444196256927 0.0 0.0 641.40039697406 211.6793808510883 0.0 0.0 222.3722218153062
142.04004653350398 0.0 0.0 0.0 0.0 748.819098396339 0.0 1042.431897874689 0.0 0.0 4987.546757362172 0.0 0.0 203.7693446186105 701.8747028697576 0.0 0.0 2468.4630525310376 260.4812026585557 259.8185035147345 56.402731794065176 921.3160341068887 0.0 0.0 0.0 434.4967426958905 0.0 794.2769897374936 0.0 703.0544705982875 241.3627714568495 418.703164295614 1152.6130558950922 14963.906045698017 0.0 0.0 4705.912596071275 3094.8199670369754 0.0 323.0573917843381 0.0 0.0 0.0 545.0619929804034 0.0 970.0476523987444 0.0 0.0 1274.3608448397306 332.9710678630415
0.0 90.44743575035938 0.0 1565.0046469727888 31.451789258149056 475.94203995882384 0.0 901.5790540486499 41.12609059749708 18.350945290830893 3957.3852431666273 0.0 1131.845755103866 94.52072528049776 695.5925798779226 0.0 239.70331237294405 0.0 0.0 0.0 38.72862420492274 0.0 431.21848549231146 336.0664555915537 478.8682708960323 303.26439504190995 4813.2492003367215 0.0 0.0 0.0 0.0 298.62694743994973 0.0 0.0 0.0 0.0 4509.678574412976 0.0 0.0 321.95844478027453 1896.542602129586 1017.9002667021053 268.7268636705536 371.89318088956304 2074.812054978399 755.0621507188697 0.0 0.0 1354.0609554410132 0.0
0.0 54.066293394118745 616.2097616429195 1182.6904095147993 0.0 413.60332558384005 0.0 996.6329595508133 23.89975130105185 37.78762492623644 0.0 637.8728786672131 0.0 118.32082571164219 573.2725362532769 0.0 171.32086712441298 3130.9744945578705 241.6209706286075 236.75740031450957 0.0 853.6646575385267 0.0 249.75624328203344 763.2145226224739 0.0 4352.887884346802 549.9156167371126 384.4478539418144 402.212785489396 0.0 307.87408691389777 0.0 0.0 354.71742801639266 268.20089346602987 0.0 0.0 0.0 292.6201636914005 1782.0961992604566 0.0 0.0 0.0 1510.8875669298209 0.0 0.0 0.0 1183.8688218888287 157.72803946991144
171.072937812559 74.06405925576254 0.0 1456.7803143674435 0.0 0.0 2984.2735210780093 1165.8665778342124 0.0 0.0 4422.472871719013 746.0727631771267 0.0 157.29908499996088 0.0 0.0 264.13838877993845 3424.4424367501942 0.0 253.21607226324892 33.317772067501366 0.0 460.3616842914278 0.0 755.9060729852597 0.0 3954.0532570398873 588.9093113394317 0.0 491.02185476250145 255.99499446484947 307.00240389727054 620.5896926552513 12041.217717099807 309.102824831534 351.2260762526116 0.0 0.0 690.1539074775026 0.0 1797.7355934624823 1277.3043437037293 182.57477360121598 490.1137919308146 0.0 776.7764568967251 0.0 0.0 1598.5073227196872 0.0
105.01987382531897 120.28692039165317 0.0 1661.1664249395108 29.41874197856629 0.0 1113.7362205744648 0.0 0.0 25.05109151316066 3987.079321260887 571.4103220001613 0.0 152.15253292687572 0.0 0.0 0.0 0.0 149.09914453993687 0.0 0.0 0.0 643.8300043173383 276.8399410542469 688.7585880385096 400.22923391633856 0.0 0.0 0.0 364.64037204885 0.0 352.24459509738585 0.0 12433.029303937648 259.0195332995091 408.6000376912761 3551.743004094931 0.0 777.5463042113957 0.0 0.0 0.0 0.0 0.0 0.0 0.0 0.0 0.0 0.0 0.0
124.3404190036767 112.1975733988069 0.0 1743.1180357296755 0.0 0.0 0.0 1216.6271987121784 0.0 0.0 0.0 0.0 1750.9843510732205 0.0 603.6827400328733 0.0 262.6509120399011 0.0 288.20067477896964 230.31903562966207 0.0 661.010416094426 0.0 395.72796578407275 588.1710020708604 332.5562601701556 4087.2546928851066 0.0 0.0 505.6045224098524 291.578279825594 0.0 0.0 12115.999810499123 211.11449411858422 0.0 0.0 0.0 949.0469346591634 400.0274190633803 1536.3381167369132 1238.9637500819424 0.0 0.0 0.0 0.0 0.0 58.4795748125382 0.0 313.85407466943536
0.0 97.8254849296674 603.5966141909089 1447.9526607229177 0.0 445.9844087541417 2565.5782750529315 0.0 31.453098871184558 0.0 0.0 0.0 1382.1802856966958 0.0 0.0 614.7927714514503 236.98979380401732 0.0 0.0 200.07476225753624 38.265730954202276 0.0 0.0 350.46625871618215 0.0 0.0 0.0 518.706019891969 511.10176415721554 468.54973241758375 0.0 289.75648490325995 649.6216912031499 12533.002478256141 0.0 0.0 0.0 2410.9889169615685 0.0 0.0 1313.8837517769518 1025.5283657904577 0.0 593.7271824849769 0.0 0.0 0.0 35.42136021759794 0.0 0.0
134.44084302140834 62.63443774611123 574.8429391219723 0.0 0.0 0.0 0.0 0.0 34.48683900394383 0.0 0.0 879.6185332655053 0.0 127.58325592663915 540.1088828432826 595.7737379215249 220.30757486566884 3216.35411343772 219.14434282255283 0.0 45.16391346423929 720.6955927457554 0.0 0.0 930.6919586767305 0.0 0.0 0.0 504.6166322651426 466.79929072775843 0.0 0.0 673.1370873949585 0.0 0.0 0.0 3779.021399416544 0.0 580.8075172815728 0.0 1723.4949875400698 0.0 0.0 0.0 2240.311708078028 0.0 201.9844718245113 0.0 0.0 209.9555733491473
145.52062596275098 98.04406226163466 560.9675843413721 0.0 36.9531671517149 494.5914893633759 0.0 0.0 20.610080434461388 0.0 0.0 0.0 0.0 0.0 401.86512371414625 368.5949032550341 0.0 1847.3151189191483 0.0 0.0 0.0 0.0 357.53220527898327 0.0 0.0 187.99161750948855 1907.1718398265189 566.3680227911149 345.81771251590067 0.0 120.96487050355557 208.8232183125188 0.0 12359.375282480045 0.0 412.15348107948626 2663.600891347088 0.0 0.0 338.7104495674359 818.8925060294308 0.0 252.987031839147 619.7007804588951 0.0 0.0 0.0 42.80238100148088 1192.9020924674282 180.6927862649125
107.14846689929787 68.3713422043161 661.3315644004248 0.0 29.139174370244415 0.0 0.0 0.0 37.12739072199622 0.0 0.0 0.0 0.0 0.0 0.0 493.6520745523082 0.0 2552.616835392766 0.0 159.95204998341183 28.79014820094596 0.0 570.8010784037108 266.9613713867274 910.8738315924495 0.0 0.0 479.8949372497883 380.0800777627238 378.9052046330692 199.22242121077966 0.0 0.0 11818.627236582637 0.0 226.59349996011144 0.0 0.0 470.52581396215686 0.0 1406.869471536927 818.8860367366202 202.54479903112693 486.71799140840744 2090.25469373513 467.2195324638277 0.0 0.0 1306.2459764050311 228.58422041754218
0.0 0.0 680.1464087580648 0.0 30.839580534482565 570.1214806094243 0.0 1118.5837309210913 0.0 30.40742828990293 6437.488452823252 902.0971249591807 1794.3928700814013 0.0 572.3551887872776 0.0 210.83116243589348 0.0 232.3531386673006 0.0 0.0 1084.0201326701742 0.0 0.0 867.8152461895871 0.0 4340.708185175189 0.0 469.775428346848 517.9966064846396 0.0 92.7568973102344 0.0 0.0 0.0 0.0 0.0 0.0 866.415363126967 390.5588051338341 2206.8434441214754 0.0 277.37113297167224 0.0 2934.806807308877 813.0101653602419 180.44540166675563 50.98523859394096 1695.95316343851 194.7958489520607
0.0 96.1671565981199 816.690142680121 0.0 0.0 435.7978261477024 2297.0561790457255 920.1722470892416 31.050290141283114 0.0 0.0 0.0 0.0 178.16524541358086 627.2032539598172 496.166469834242 0.0 0.0 0.0 120.36171018910241 45.04730675062784 0.0 0.0 234.2925971858358 0.0 325.5675037154656 0.0 0.0 452.92072227446107 530.9287443243751 0.0 0.0 0.0 13826.37972566034 282.8980795179779 294.8589021130655 0.0 2471.106601569508 686.3056243175363 0.0 2010.408954419262 0.0 251.86582390194465 479.43392753492935 2337.091182863443 769.1286217854118 0.0 0.0 1320.4851879819894 253.06989987132954
0.0 0.0 774.1024732921088 0.0 33.839620742820436 0.0 2146.217741579022 0.0 24.544292495942962 0.0 0.0 0.0 0.0 0.0 0.0 591.4184403244548 0.0 0.0 0.0 171.47121941030628 0.0 0.0 0.0 0.0 816.8430266717036 0.0 0.0 0.0 0.0 566.396920922241 0.0 0.0 0.0 13000.935827433683 311.2436267291635 0.0 0.0 0.0 729.1292483193762 0.0 0.0 0.0 0.0 617.0483794260899 2294.262603976975 0.0 0.0 0.0 0.0 0.0
0.0 0.0 871.2605151626017 0.0 26.674726434502176 0.0 0.0 0.0 0.0 46.29746853213088 5621.126618395428 0.0 2042.6644020663146 212.73761463744034 0.0 0.0 0.0 0.0 0.0 311.22710150092547 49.00027290733489 0.0 0.0 433.993766290994 0.0 402.0429368579116 4667.334348798398 0.0 0.0 748.8932074027663 298.5029121673863 311.2671360415719 368.69606738302855 13832.741641557928 412.10071783195605 489.7335061388178 4280.812230536754 3350.535223176208 0.0 545.5446438231695 0.0 1600.5897735633318 342.5575403326675 493.52122345291355 0.0 711.325933760523 252.55526645870196 54.36059864474331 0.0 313.960012800272
174.8574746922491 111.56233614640888 806.3862205176802 1624.2212964170453 0.0 0.0 0.0 0.0 0.0 35.58241046564042 0.0 0.0 0.0 161.41195283865812 0.0 705.7651102640781 260.5138473975341 4007.4715859394055 0.0 276.2235241499909 0.0 995.3310835262016 753.4650299251628 0.0 0.0 0.0 6854.74177955077 0.0 0.0 548.5532881645472 0.0 0.0 941.2937775991885 14886.293647150456 0.0 0.0 5260.434102228371 2828.508976002555 906.5371176642336 0.0 1960.252046107039 1423.0984761443744 0.0 0.0 2794.7805640064207 769.283832292461 0.0 60.7516875231671 1475.018049417954 241.2008260216063
0.0 0.0 566.8252649840974 1594.1488650005992 0.0 460.5216271721922 1943.1958977950499 1201.6230542718413 28.05284247212888 37.79966630565181 7347.337908692635 0.0 0.0 0.0 441.45588478056004 0.0 258.409179613268 2598.7489153976203 196.8172018929209 0.0 0.0 696.3606490295787 435.13319241270915 333.2643586493789 0.0 356.64583190007465 0.0 421.4522375923555 330.642539649325 473.74547006822274 188.67386108453618 335.33484475201533 0.0 9778.56235824853 0.0 0.0 4367.630731173332 0.0 648.2409915134224 286.6136476015596 0.0 0.0 0.0 501.25753668162326 1996.3534547312038 0.0 0.0 0.0 1551.5905704186332 191.55632732392147
202.2583247381192 0.0 0.0 0.0 36.764226493054785 713.9778627992786 0.0 1359.0233359449207 41.49971477236503 40.41961759235467 8228.743312582232 1343.405539501775 1716.2189027993634 0.0 0.0 751.9667649925836 0.0 0.0 0.0 0.0 45.85898502705396 0.0 0.0 341.5274588984456 987.806966076189 0.0 4856.774092471771 0.0 600.3374592040701 649.2879343962214 279.0447591600048 442.07755267564363 0.0 0.0 390.51914794700866 437.0661052448071 4420.437445089159 0.0 0.0 462.2813737252491 2004.8544237995934 1577.2464341791901 308.8150417227883 461.6597827187144 0.0 0.0 0.0 0.0 0.0 279.63958495526185
0.0 0.0 762.1327637519129 0.0 0.0 521.2053751011616 0.0 983.9623928046008 29.132804442183605 0.0 4084.023157083689 1029.3020712756165 0.0 0.0 0.0 0.0 230.165262078977 0.0 0.0 188.3081378669968 0.0 0.0 500.44412537339286 256.1429007068314 743.2385510743546 0.0 5453.661059078652 466.8671208301863 519.2136103762277 0.0 273.4569712242133 0.0 856.1176826878818 0.0 0.0 0.0 0.0 0.0 0.0 282.0644449384852 0.0 0.0 0.0 517.0826345238676 0.0 0.0 214.51205605005146 57.98435730826581 0.0 305.44064857708906
