# Wait-and-See Costs
# Average cost: 127284.98475513625
# Successful solves: 300
# Failed solves: 0
# Total work units: 8.896775484085083
#
90544.51929897911
163806.00223127205
104550.46648360947
191488.6081377948
72006.99045654356
61713.77430405945
158911.6806770448
126742.78468854027
73786.35544689321
91423.57299911582
53532.34750180356
140349.0023945808
154767.07992299937
163136.92145401918
82333.76747617264
143736.9896960249
101833.69855157613
104386.33312676742
122726.78082525134
116701.1933268288
88588.23873144556
134662.44276717093
196553.78857816564
114631.74343139016
160998.5747517678
196496.9611228774
185412.99225731564
119330.43917742575
152466.63601067747
122089.26271825151
128768.76000739209
145702.69172190432
166269.0286547268
130840.56011416699
105184.05599669473
174525.56545460972
111619.01121852177
139428.9524696674
112428.11570153113
85914.2731288952
115278.97113054867
121407.33027473692
142122.16383496783
152373.57301503982
111957.35541840637
186014.7814685208
251805.95794330275
158280.27093313768
131546.48675021436
85040.53049106392
129422.25285520531
158370.7104576459
231299.19205680312
209679.45248635043
138865.51321203864
148985.40080059692
103924.50795485647
242420.29462304508
118127.46206653096
162339.80379906623
218364.95553547578
156312.82119764152
136179.07881118497
167901.91046871268
44320.40135153339
59435.98677079086
129113.28062794935
137623.74928952148
121791.45347864085
169756.94679642987
165817.57202369644
67809.12283705121
71626.535369774
163520.2566148979
103012.51096226803
103686.84682623557
137199.36183298027
55682.32526838304
76974.60667371341
143547.20702297817
177707.7016505529
65824.07146516588
199696.51931586978
163012.8724649302
124577.25632629497
142250.26101476882
97501.7464705612
134316.2721741158
151852.2760277716
132594.61960460365
296229.11004696274
100965.91202902379
82194.50707037756
128513.34704367133
171826.2767534848
164313.77534599765
198660.9840114384
158516.65771643133
137110.6287498721
88047.01932620883
76350.31872418373
105036.04517122281
147317.66019508592
139271.6868846883
113017.49706991499
102728.32701897582
215181.5234122222
140615.1866872285
84201.88126328414
120869.58326243055
244628.2728286344
101329.84358760536
131181.04870871047
79005.51612232563
111102.89845610422
76799.48636091234
86941.02645768067
76852.71642833407
118872.54868472354
96006.1402867884
115760.46881708915
91398.44426030664
53112.03765453833
93782.92869265178
145294.24525148675
113182.19904746597
91310.53152344101
73647.56061771154
169935.85538534087
185858.55170053634
127287.17514984921
186818.17459625143
53975.44137881045
106082.48137128053
158452.75086042623
60281.01102765759
94149.52806694937
161398.3828571942
157693.93952687024
97644.8303405022
114970.5323982762
77388.84680645353
73714.0032145575
155157.16433714028
74088.41220902278
110885.04185916879
128017.14678849219
99608.53313890872
121328.65862107639
163090.5759266452
120807.66649431252
78988.6866979914
181596.15069113584
146476.5419810176
109171.17748095532
122542.2201426914
83232.25837081233
196413.72678991096
130792.18561949476
97792.9248208893
106547.45358927212
150159.63777708425
175486.0485363898
116178.08651538711
101105.43353235815
137381.6742627644
87284.61149812011
36459.05773638947
144495.94098287824
114556.65611463696
171133.28207788526
36205.959308680576
162070.11404127046
91949.71691048276
117841.02442634561
69098.45857922127
96188.87111693021
172607.25074529884
135485.33980937136
105223.65571254645
117322.37335283309
159116.59861209567
118197.65827515011
139312.39870854295
109466.23267134833
88098.72978667976
134495.97628435
124394.88578127274
113979.4900739675
155339.73174228167
53366.069816313895
96784.87243881168
121600.62383798315
103397.53374486607
133534.38396630247
73831.46736097372
186674.18368280173
141720.04112177837
158777.56461139163
93302.10390210904
155831.27658316764
122610.50753484573
83946.0998235458
76807.11569243741
61447.00193067397
147673.0673639582
186749.3989357566
87665.86615576605
137815.64692942554
90173.10440621468
91286.74177897745
48689.451081907726
192097.42698195856
231655.0688377583
83355.57484112032
124932.40211655141
135444.55579533847
121011.85991957854
165489.89911805346
124338.0522775457
186728.39974779412
120866.93299464042
168304.1301548074
103224.98227638761
87660.6242523985
180563.22480784607
144871.11135180382
63788.44634175103
118594.71081683572
100153.97507522446
99618.88179113019
201548.16144181884
66923.03997765029
124365.20534888374
111023.07296446085
48397.162561006604
121502.95677554184
158948.03270844193
182610.1930532394
193353.06214473044
104620.41405828082
149205.1594259917
119453.22401855292
71849.35075834108
99586.68702082147
89289.69012325555
163430.49365844452
89055.01228120955
264872.0030512504
99469.66240461242
77359.87316994392
112028.43922070158
96872.02992181848
107857.67260878354
76911.23491840962
123066.39579826461
78865.32249271347
205210.8885079833
167781.2221098611
115581.31188493244
186631.55192585013
57307.966222766714
75817.0972571961
83600.52414843773
158691.28735883333
192570.91260195526
195059.32438697194
98448.61007215909
228982.2075491566
92865.56513937609
101974.55430899552
96922.39570643568
162019.70839031882
119102.25249718298
87640.17990976098
73833.3638123945
101949.15874125967
134828.85476034673
136046.52972034828
84837.89703610071
104606.14557708838
207033.5543655046
145037.8940035854
179104.2702765263
256532.0011404032
116697.67242368896
151856.57411534258
136778.9273625348
103285.99602655004
179513.61885425067
143389.78488695394
166699.36147830135
133085.00108510637
75931.26588467137
97795.86449884981
104945.70705710373
175223.3252402418
113520.59637270268
142503.30718033094
142740.99291409322
