# Wait-and-See Costs
# Average cost: 253855.4716838523
# Successful solves: 300
# Failed solves: 0
# Total work units: 12.873181581497192
#
309459.2219679488
306236.1194811923
194376.5985753756
316206.1373720993
266307.9020920297
247592.0665945012
216018.24681721005
248374.10529033348
318776.43387993914
245600.4203050207
228771.78503913313
217789.0664625778
181613.94996225968
353751.35289091384
285455.3408747403
232589.9977560679
266345.803134756
147414.3262479638
222883.98254744106
217451.87047689172
297952.8882361312
249525.21644022237
258192.1482488279
248688.91039580395
313258.7508375129
405819.1868404218
154445.3178670936
268458.0329373605
215449.42806466325
355485.32204663823
248561.97092412962
297703.1561602703
171371.59228181632
297024.80411207286
199359.32836625353
209891.932431198
158602.1144848781
340872.6733856251
321968.7591175861
279623.68059911893
236673.77971193922
266709.6275423679
265551.94133260445
281066.88698827766
262840.14324586035
325763.1429188689
139980.61841670692
360962.26879351813
216848.14431155543
280162.7005914749
187427.16559191214
260815.93368230635
307570.8687605099
295969.893826622
255093.69276709572
200948.65410415613
245503.29402253128
317086.3625603581
154229.55726093112
222888.53432144935
223378.22435874038
144838.48166304245
305492.0725382012
77253.94764268
319407.20986380836
296173.15983228624
235828.07361979297
257826.47537570266
258158.74042679855
291902.79542046326
234172.29650010474
183759.22875222968
225206.86101759152
120714.84185856351
274605.6449754989
217468.39560092648
250134.7097727768
338473.58933746215
150913.5327573583
271843.61645333725
312608.8399999137
319094.58238006366
244530.46254295012
360739.7045432108
229805.59266605307
229418.79099378284
277630.96232358203
304173.3281340403
341414.1177630767
264101.6375975533
249808.9561982251
267624.9281576145
202055.33349738954
300376.91815513227
198090.28285479543
321860.3153079005
240154.06034771778
165220.60324871706
314059.22565318074
311063.0512390931
324735.3012657258
167560.51274082772
328693.9768458596
262870.03958096786
264071.1822349679
220999.33354545897
212927.97827719356
232714.8731794718
209482.4849357575
291815.0470510577
245306.82056008544
273539.2914620518
254517.0963601533
275931.3750889818
221239.00061502375
281722.89737883076
278731.6962002913
196573.77932511354
272828.65841024905
244869.30119386103
256377.64296086598
266295.3390138896
206703.19614821504
251875.49163817128
304866.59787619184
240341.88806745355
263691.2138176046
188038.72924781087
243390.0717844864
343695.3233181828
313142.2852329832
189037.3350191844
287763.9816793938
284343.1568483871
297685.2627242393
289692.2432636796
279545.6914656198
414611.08351625217
301443.1983746321
174626.72474075833
253096.44572738933
339197.2505296113
130201.51514056556
227840.98189374604
188949.53959093094
139208.01348355986
294324.9047805659
224548.2798451617
184135.44879292697
155247.67801834768
324930.01640380244
233157.48509419296
208058.84818798577
294968.6967001515
150221.15608113955
178866.87912187277
241412.0688555502
312172.8761210021
248669.26777966344
193392.54210080652
201036.94639975412
299720.43091118376
346446.49069116235
214300.28657035515
273371.6993272816
178288.54749355197
195473.52307508368
308543.90692376543
227834.21450833676
156029.761571473
292606.57460258395
312122.04664839583
256123.07595989294
244232.35433434724
276094.17536792654
279068.14658444724
237121.74189801593
261411.32698632844
102002.02755578638
305058.78562301415
423386.51740181044
131583.71272983772
250032.8967616574
256030.55012113243
354767.7238476913
381710.35453809187
226062.6456498762
246280.49755575488
250712.39396859996
209911.88749364257
244660.06499446734
239347.2033396809
316170.0065976028
241286.0296442897
340085.9886860807
213070.80265125254
251065.75111696628
242009.40449040954
273509.89721360547
213355.15714505705
320478.89508047386
307720.2655706318
252920.90404688488
180233.58098208858
324873.04565945873
319895.6960232382
294812.97100176493
226036.32633436064
254396.8421049138
236280.4891302444
288671.4943953064
291642.266099011
312676.95428655326
258328.50130714345
243309.1470068452
232062.56694503807
147210.38293870472
223520.1318910033
230901.66854993132
187038.23949501017
234583.82083277698
323971.2536532786
283284.1024184615
266214.8016663772
289087.88196392666
264194.8258107283
220685.33492454208
197083.46542596567
210409.81940123026
173078.22563842527
209643.17697644173
205817.6752652245
185467.23355422934
190285.2734577207
194362.04280087998
190923.07503334052
213888.7475849152
235584.035690857
256111.26202757412
256885.0472696516
185995.85039554746
232185.2836381942
315036.4550622534
270094.87206904776
316590.9726290794
237116.45371132126
109787.52290943067
272658.8177445036
144015.72276867618
269395.3838902601
266869.89767732355
279169.95277724287
341766.80584026745
274843.40166580625
275473.1522859862
245758.8947129538
342389.29405671643
310639.8420938392
341111.0656144807
253328.24376841114
277744.01348309533
279908.76695689996
240874.6919329704
298876.9910526547
309562.8002007978
673726.3656321078
257642.49544415384
122437.0462554072
270398.51753626607
218924.83186469364
285802.9259160412
169604.90489489888
187183.0001123479
226849.31124339087
107381.0350279186
278686.8101276958
277343.8621139517
339208.8153318778
281684.75155969267
261049.94745673955
187251.76612852074
272849.55317323055
169011.64039415322
249951.88095317368
279501.7512164073
243410.0092043322
242645.58623984372
206504.8816139114
162606.33423836128
145563.4912284072
327856.3301264783
304096.163480541
207665.28044370856
361150.9543627956
308901.00232641876
280310.67351395317
412304.6992099343
280131.07370552054
188465.89751474644
159202.0064936074
