# Wait-and-See Costs
# Average cost: 252753.33387580267
# Successful solves: 300
# Failed solves: 0
# Total work units: 14.053261280059814
#
284406.5789225101
287751.4079593847
214487.96253000866
293717.97355637787
260385.56307783266
250532.11319155424
230897.071676168
249953.11592948623
294052.9734840168
248831.53356068904
237017.8470275638
230817.5274236887
204190.7950187383
307505.57349637384
268349.15771019517
240684.13713757604
260297.3402091947
184822.47163102863
233469.04396812926
227629.71826802366
277913.77480012644
252255.23460465603
256385.67145864601
250683.4764155121
289806.68910146033
339664.36301236716
188506.59172946692
260803.82995661517
231634.4945458128
310611.7338969964
250842.8415383085
275839.40697070153
202398.15469936532
275028.5794258538
218147.33422506513
231687.31208207126
200841.91548368396
305891.56105216267
299351.72949751746
265942.4788341325
243225.2197043761
261859.40573488176
261125.03084681893
267675.2618161953
257666.63364872828
298651.21420080843
184318.8428468034
307124.20248002594
230842.42726418984
270617.4153871125
215163.06572932441
257054.83853089143
287103.8665012009
277337.9441985654
254817.90980519366
226194.07395069668
248676.29778667592
292648.26375509094
190330.0165345288
231760.21085770227
238302.6583226726
183901.99488468256
286997.0417459083
129576.39470744033
284959.776261543
281511.9223797451
241110.15230468838
256293.213478824
256730.19498667988
272651.4693137064
241904.6280578815
214953.81446950245
235461.35121882617
165887.9350607512
265234.5193360474
234856.8399819087
251325.06774034252
304884.9029495421
198036.68613617128
264524.1777795093
289927.3886893199
291292.5838478414
249571.474424194
308096.71906880895
239940.10746761368
237829.34403065642
266776.21937379363
281564.17760605057
298763.75606784207
259057.32408481452
252905.73312783765
262719.4228570176
221127.2689241447
282417.2101482036
220396.0309687192
289988.92737914715
246147.59016061522
199997.89781546828
286088.78620184644
290836.4663637422
295108.75909349084
196325.89258189293
300167.9646174285
258054.85969694107
260258.91475741082
231740.14797092267
228948.88688591548
240020.95109798538
231206.97628071942
273610.08964318887
248089.10441905225
265423.08175676473
254553.12860150822
264336.43588633905
234324.13180202036
267307.80963732617
265066.2187945501
220718.8281952706
265283.3457286909
247404.75506746798
255387.21839625257
260470.6653367895
224822.2826119686
252444.27980619363
283027.84108469426
245686.23700872512
259003.566647183
215754.60486095323
246730.86307648543
302117.36906139064
291090.5017786403
213277.99023455032
273795.91231680714
272194.8867165303
278924.0779277143
275522.6848793405
265714.76816597034
344651.80129768106
278857.2137505531
206663.0583675374
252545.58874585977
308158.0389039611
172088.1099645659
239487.6446238246
216343.47211915744
181256.30037095846
278916.6682134349
236878.62460908992
212577.49289510728
188987.8275443644
299233.6448495725
241636.05720452822
231765.6607936747
282448.86988195754
197831.8693332228
204898.2219155915
245526.5059780192
286674.4873552193
250105.234533429
215629.077186536
223507.1646016136
277730.9279468334
299332.81098722084
225442.90268177757
263768.7853543662
214654.2371960074
222989.56436362292
286466.6077486533
236878.5270752205
197803.3252408192
271761.60076971236
285258.9775956612
255591.3173024463
246765.89982718154
270026.4124349217
266377.28988912964
243289.1544118451
258400.67851414258
159213.70984109014
286112.8356229099
353243.7292242617
189976.22472118674
252103.5947483703
255544.54688709934
316377.67161840625
315370.32969515934
236014.9834388346
247980.78598551892
252169.29155591188
228207.72300945796
248963.76980118075
243882.15171403787
287348.0177459511
244389.34282387534
306368.1332483954
229867.26998410004
252104.14487852357
247130.6694875303
264671.6716799948
229981.88818464984
288474.17976011086
287516.0572921978
253044.81070771342
212822.2199301374
289337.83640644
287878.4628440884
282371.47983011894
238438.9264527753
254261.2705549888
243923.18822231024
275770.06257949566
276218.0196647677
292712.8955641975
256836.76939695675
247182.00741212087
242682.9205203723
192981.27198185862
233716.5880029629
238641.22951430033
211901.80277971213
242024.44325283318
300548.61261150445
267588.05873837153
261190.39616372413
274280.1301732314
261278.50988961404
230851.69374338305
218369.7192761317
224938.7834770133
201932.4418649616
227334.27050464595
221215.32373705044
211702.47296933574
213808.45420107624
217289.52466522306
221997.1629890912
230202.59609455435
241277.00352889692
255469.93032571135
254074.2894244823
213422.94584331155
240911.61234317956
287608.10816580313
263354.005234578
287000.4782107894
243522.91981672827
166143.24656116008
264099.79800904135
180240.08489886776
261555.3725230036
261125.0241496975
268562.61913431855
305793.5815501309
265607.19698147074
267393.6179249642
248450.52037662224
308966.4233284063
287095.55854082206
305591.6327108298
253423.00419996484
268653.9348363903
269100.54285436874
244370.36118133456
276826.61953934183
287753.23044200847
443126.5473797185
257115.06342919884
183517.81633388804
262737.55900929816
231258.43233757376
270821.89242389495
212456.6024094935
211978.25749882692
236969.85092069604
155706.95800664442
268313.4886855679
268971.6769705346
305941.11290240154
268076.71357012936
258311.4865905777
217826.8484631652
263473.18286209984
208916.13535717645
250112.22198994
269053.57174290234
245943.17374328434
245785.83410167653
224421.95565680688
195665.32116686655
192413.14975853814
300374.63394954585
280803.7342003361
226672.5924544109
311318.9642549024
288168.1793551315
269448.775133471
342649.4067287339
267692.04389148165
214093.78640334212
192280.37353947695
