# Wait-and-See Costs
# Average cost: 130924.36768548828
# Successful solves: 50
# Failed solves: 0
# Total work units: 6.323407173156738
#
90544.51929897911
163806.00223127205
104550.46648360947
191488.6081377948
72006.99045654356
61713.77430405945
158911.6806770448
126742.78468854027
73786.35544689321
91423.57299911582
53532.34750180356
140349.0023945808
154767.07992299937
163136.92145401918
82333.76747617264
143736.9896960249
101833.69855157613
104386.33312676742
122726.78082525134
116701.1933268288
88588.23873144556
134662.44276717093
196553.78857816564
114631.74343139016
160998.5747517678
196496.9611228774
185412.99225731564
119330.43917742575
152466.63601067747
122089.26271825151
128768.76000739209
145702.69172190432
166269.0286547268
130840.56011416699
105184.05599669473
174525.56545460972
111619.01121852177
139428.9524696674
112428.11570153113
85914.2731288952
115278.97113054867
121407.33027473692
142122.16383496783
152373.57301503982
111957.35541840637
186014.7814685208
251805.95794330275
158280.27093313768
131546.48675021436
85040.53049106392
