0.0 0.03210378408523842 0.46992685217727187 0.0 0.13146502113588354 0.7884059099901453 0.0 1.510522254787771 1.2797550590128748 0.054423300900180153 0.0 4.008093106165743 0.18392701439660253 0.10674698970180048 0.0 0.42746493555415677 0.4650795671101319 0.3075735053969228 0.03223116804087144 0.02314482071547078 0.0 0.0 0.07256095461032062 0.0 0.0 0.0 0.10410751107047381 0.0503495082575863 0.1841652383701485 0.03832667443001591 0.06325454804391774 0.01767889658646428 0.04044575862591597 0.0 0.06582811776030666 0.0 0.0 0.15933172941925391 0.0 0.0 0.06740583437751903 0.07272113315426845 0.023767364847735967 0.12251562595628754 0.0 0.0 0.3291225554324617 0.0 0.18130248775740468 0.22019205996132776 0.1853348276680962 0.05312945937413952 0.21587332389881683 0.04196200771190112 0.0685129393466904 0.0 0.06946502837364292
0.526719701957089 0.03005690624976688 0.0 0.0 0.1343906527486879 0.0 0.0 0.0 1.0890101966275352 0.04884691014107863 0.0 0.0 0.0 0.10113768720586368 0.228982636507593 0.43922930874215976 0.4179120102669793 0.0 0.02882477701093942 0.0 0.0 0.0 0.057688613300964926 0.0 0.06169504504852816 0.0 0.09834524586688162 0.04500107771703362 0.0 0.03418379587766339 0.0 0.014482225781541057 0.03581328999022268 0.0 0.0 0.0 0.0 0.14947746868345463 0.0 0.0 0.058565560537532 0.06872725673332598 0.019683335545735838 0.12009069143740776 0.0 0.0 0.2698723551924158 0.0 0.16054379644095823 0.19632916629676234 0.16832604752716407 0.04833361271327684 0.1779741832809872 0.039376681098403116 0.06883099916155674 0.07530870590812523 0.0
0.5561590694458644 0.03156793945724248 0.41052498771686097 0.0 0.13438530301856097 0.7024035545219433 0.0 1.421125846049029 1.1824381054091713 0.04467014197769155 0.0 3.8063621659669735 0.1621177071343049 0.10283144190765411 0.0 0.4288424160348525 0.39270312538516156 0.2783540923183545 0.03655808653850744 0.0 0.0 0.0 0.06910622659079521 0.0 0.06582027810027495 0.0 0.09385897728036208 0.0 0.15454601712170615 0.03302200271237814 0.06323276551029115 0.016370781584689652 0.0389861859051778 0.0 0.0 0.0 0.0 0.1627286937920952 0.0 0.0 0.07111670426958526 0.07488325151516839 0.020323909176662644 0.0 0.0 0.0 0.31852463001111225 0.0 0.17893810846136307 0.0 0.1817803240980055 0.05073554950272599 0.20988328109333176 0.040843906211863866 0.0 0.08226394246029291 0.07258848396010244
0.5749256470260747 0.028255291756205246 0.0 0.0 0.12076829662338132 0.6411565318851267 0.0 1.4178346728435955 1.229819519618236 0.045330323795849434 0.0 3.8173206786784015 0.18907318136937099 0.10436432286669854 0.20260146986099778 0.42993871494196534 0.0 0.25878542187987963 0.0 0.021855011808730968 0.0 0.0 0.06096870638194147 0.0 0.05930703594949778 0.0 0.08006372326280212 0.04388764432318376 0.16497974446075928 0.03105069211740834 0.057751364015746036 0.016444086069558043 0.03643707312234697 0.0 0.06329594844766669 0.0 0.0 0.13667069876671695 0.0 0.0 0.0 0.06709214567901083 0.0 0.11119629449788175 0.0 0.0 0.28560482851385405 0.0 0.0 0.20938088055251988 0.16190284926051807 0.0 0.0 0.043023197434029284 0.06547708581574835 0.0 0.0
0.5936032222255855 0.0 0.3919536076918545 0.0 0.12274083482301901 0.7328703998692097 0.0 1.4651434766319278 1.1296264289094524 0.048324723376439144 0.0 3.9310859042561273 0.16733955609883797 0.10184982572050146 0.0 0.40751850212673435 0.45014507849315205 0.26834387281520217 0.03209546062481388 0.022177532394033278 0.0 0.0 0.06500037444518249 0.0 0.06284337176652846 0.0 0.0954051098516923 0.04229387539900009 0.16578684107010153 0.036010919982697565 0.05605966766594654 0.01573503120466168 0.0 0.0 0.0 0.0 0.0 0.13207358701379063 0.0 0.0 0.06114704953271636 0.0 0.020271289547574848 0.11368444759320379 0.0 0.0 0.0 0.0 0.0 0.0 0.16282973104616247 0.053731951317251524 0.22141732599734815 0.0 0.07190316645901616 0.0 0.06119651992967342
0.0 0.03306903052222523 0.45948053669351147 0.0 0.12925867726780405 0.7822684677303902 0.0 1.654988119651283 0.0 0.0 0.0 4.069111204325808 0.0 0.11355008055135087 0.0 0.0 0.4288875370927916 0.28882435577816185 0.0322622639613631 0.023266967554672002 0.0 0.0 0.07402075584228685 0.0 0.061551294927616275 0.0 0.1077597173929747 0.0 0.17524555850258336 0.0 0.061033902254011146 0.01642231842373329 0.0 0.0 0.061468381618028534 0.0 0.0 0.15451754403459644 0.0 0.0 0.062373393181064815 0.08016478403493917 0.02247185878390821 0.12818633302222276 0.0 0.0 0.29997728449962147 0.0 0.19658806301324713 0.23653752131656477 0.2022748330701124 0.04981830651125883 0.21726754503741183 0.0478220723658583 0.06904853229739925 0.0 0.0767945861952172
0.525010299087761 0.030494170586786083 0.0 0.0 0.12225887142680329 0.0 0.0 1.4395084347514868 1.245830851366939 0.05030911032042216 0.0 3.665475291187911 0.1698709790015633 0.09894588792447481 0.2168599462475146 0.4573807662970485 0.4037241020985384 0.2671208930633086 0.032144422963603016 0.0224009078720963 0.0 0.0 0.06115803971981282 0.0 0.055702213875609745 0.0 0.0892643265020189 0.047076499041724375 0.17604521551163413 0.03474109823204009 0.05512537268534754 0.014566810964694995 0.03760733861040694 0.0 0.05535508184628044 0.0 0.0 0.13740648302829286 0.0 0.0 0.06086944130541667 0.06936034396480822 0.02048533270719575 0.1252027719476597 0.0 0.0 0.2886027866593859 0.0 0.16449748101138392 0.20599773221144782 0.17019138106285225 0.04529996519507996 0.19155793521235068 0.0 0.06445714225197875 0.07002626248027846 0.0
0.568649238391899 0.03004633076919378 0.3992595759834104 0.0 0.121853650630712 0.7296704644647151 0.0 1.4393869088172337 0.0 0.04910837515156242 0.0 3.8161380013687776 0.16944327275415919 0.09832217800074997 0.20979823969234698 0.0 0.0 0.0 0.03126960490142841 0.020630637379155898 0.0 0.0 0.05165865052107199 0.0 0.05906197655467934 0.0 0.09242300361971093 0.04238967099891033 0.0 0.0 0.05411318709971528 0.0 0.03356333097976494 0.0 0.05640095884628512 0.0 0.0 0.13379221996681015 0.0 0.0 0.0 0.0 0.0 0.0 0.0 0.0 0.2653713864175249 0.0 0.16610171621880246 0.1896192563984736 0.0 0.047561363608715324 0.1873757941543307 0.04049764348085824 0.06615221166919964 0.07063395690670306 0.06781885922118272
0.5262782033739601 0.02634796102015116 0.36058026431736423 0.0 0.11913568746561685 0.7765426771366449 0.0 0.0 1.0390389338946997 0.04114431125038598 0.0 3.1356613282757486 0.0 0.09557607006311017 0.0 0.38839143419048616 0.3700895487247359 0.254673080034642 0.028358973327643797 0.01923742114262031 0.0 0.0 0.0 0.0 0.0 0.0 0.08767290389427962 0.0 0.16443710801638028 0.03362020802004065 0.0 0.0 0.0 0.0 0.05498669461331661 0.0 0.0 0.12359003663919262 0.0 0.0 0.0 0.06681586480370617 0.0186611867126367 0.10817584215737457 0.0 0.0 0.2629496181238409 0.0 0.17472200730461482 0.20010944796284402 0.1528445592810968 0.04641211639812741 0.0 0.040931867852634043 0.05987379837649938 0.0 0.059746823628110346
0.5085894086064815 0.0 0.42291993461356026 0.0 0.12936289092738693 0.7148399590375079 0.0 0.0 1.2366703972341744 0.05312219929744024 0.0 0.0 0.0 0.10775153361752976 0.2215879730250548 0.42551172777178864 0.0 0.2892735887088033 0.0 0.023503413870516687 0.0 0.0 0.0 0.0 0.061580875286952594 0.0 0.0920635341748476 0.04885777019871274 0.17299995508068633 0.0 0.057152612521415486 0.015972899089818804 0.0 0.0 0.0 0.0 0.0 0.1406577005293866 0.0 0.0 0.0 0.07575404231235568 0.021473879068872704 0.1116725657945198 0.0 0.0 0.29149113534316345 0.0 0.17638492903820888 0.21006088162065506 0.17629260550341727 0.04696748001426988 0.20183639801964282 0.04160687043271555 0.06835257308336297 0.07407244642550623 0.0
