Solution 1
0 1 0 1 0 1 0 0 1 0 1 1 1 0 0 0 1 1 0 0 0 0 1 0 1
0 0 0 0 0 1 0 0 0 0 1 0 1 0 0 0 0 1 0 1 0 0 1 0 0
0 0 0 1 0 1 0 0 0 0 1 0 1 0 0 0 0 0 0 1 0 0 0 1 1
0 1 0 0 0 0 0 0 0 0 1 0 0 0 0 0 1 1 1 1 0 0 1 0 1
Solution 2
0 1 1 1 0 0 0 0 1 0 1 0 0 1 0 0 1 1 1 0 0 0 0 0 1
0 0 0 1 0 0 0 0 1 0 1 1 1 0 0 0 0 1 0 0 0 0 0 0 0
0 1 0 1 0 1 0 0 1 0 1 1 1 0 0 0 1 1 0 0 0 0 1 0 1
0 1 0 0 0 0 0 0 0 0 1 0 0 0 0 0 1 1 1 1 0 0 1 0 1
Solution 3
0 1 0 0 0 0 0 0 0 0 1 0 1 0 0 0 1 1 1 1 0 0 0 0 1
0 1 0 1 0 1 0 0 1 0 1 1 1 0 0 0 1 1 0 0 0 0 1 0 1
0 0 0 0 0 1 0 0 0 0 1 0 1 0 0 0 0 1 0 1 0 0 1 0 0
0 0 0 1 0 1 0 0 0 0 1 0 1 0 0 0 0 0 0 1 0 0 0 1 1
Solution 4
0 1 1 1 0 0 0 0 1 0 1 0 0 1 0 0 1 1 1 0 0 0 0 0 1
0 0 0 1 0 0 0 0 1 0 1 1 1 0 0 0 0 1 0 0 0 0 0 0 0
0 1 0 1 0 1 0 0 1 0 1 1 1 0 0 0 1 1 0 0 0 0 1 0 1
0 0 0 0 0 0 0 0 1 0 1 0 1 0 0 0 1 1 1 1 0 0 0 0 1
Solution 5
0 1 0 1 0 1 0 0 1 0 1 1 1 0 0 0 1 1 0 0 0 0 1 0 1
0 0 0 1 0 1 0 0 0 0 1 0 1 0 0 0 0 0 0 1 0 0 0 1 1
0 0 0 0 0 0 0 0 1 0 1 0 0 0 0 0 0 1 0 1 0 0 1 0 0
0 1 0 0 0 0 0 0 0 0 1 0 0 0 0 0 1 1 1 1 0 0 1 0 1
Solution 6
0 1 1 1 0 0 0 0 1 0 1 0 0 1 0 0 1 1 1 0 0 0 0 0 1
0 0 0 1 0 0 0 0 1 0 1 1 1 0 0 0 0 1 0 0 0 0 0 0 0
0 1 0 0 0 0 0 0 0 0 1 0 1 0 0 0 1 1 1 1 0 0 0 0 1
0 1 0 1 0 1 0 0 1 0 1 1 1 0 0 0 1 1 0 0 0 0 1 0 1
