cap91.txt	25	50	25	bernoulli	2	1	120427.9	14978.44
cap91.txt	25	50	25	bernoulli	2	2	209404.13	32298.96
cap91.txt	25	50	25	bernoulli	2	18	125909.46	291.01
cap91.txt	25	50	25	bernoulli	2	20	119027.42	3239.77
cap91.txt	25	50	25	bernoulli	2	23	216133.24	14991.45
cap91.txt	25	50	25	bernoulli	3	1	120427.9	14978.44
cap91.txt	25	50	25	bernoulli	3	2	209404.13	32298.96
cap91.txt	25	50	25	bernoulli	3	6	61713.77	535.48
cap91.txt	25	50	25	bernoulli	3	9	81509.8	265.34
cap91.txt	25	50	25	bernoulli	3	18	125909.46	291.01
cap91.txt	25	50	25	bernoulli	3	20	119027.42	3239.77
cap91.txt	25	50	25	bernoulli	3	23	216133.24	14991.45
cap91.txt	25	50	25	bernoulli	4	2	209404.13	32298.96
cap91.txt	25	50	25	bernoulli	4	6	61713.77	535.48
cap91.txt	25	50	25	bernoulli	4	7	180087.11	13977.33
cap91.txt	25	50	25	bernoulli	4	9	81509.8	265.34
cap91.txt	25	50	25	bernoulli	4	20	119027.42	3239.77
cap91.txt	25	50	25	bernoulli	4	23	216133.24	14991.45
cap91.txt	25	50	25	bernoulli	4	25	160998.57	8149.62
