cap91.txt	25	50	50	bernoulli	1	37500.0	53044.52	0.0	90544.52
cap91.txt	25	50	50	bernoulli	2	67500.0	96306.0	0.0	163806.0
cap91.txt	25	50	50	bernoulli	3	37500.0	67050.47	0.0	104550.47
cap91.txt	25	50	50	bernoulli	4	67500.0	123988.61	0.0	191488.61
cap91.txt	25	50	50	bernoulli	5	22500.0	49506.99	0.0	72006.99
cap91.txt	25	50	50	bernoulli	6	22500.0	38678.29	535.48	61713.77
cap91.txt	25	50	50	bernoulli	7	52500.0	106411.68	0.0	158911.68
cap91.txt	25	50	50	bernoulli	8	37500.0	89242.78	0.0	126742.78
cap91.txt	25	50	50	bernoulli	9	30000.0	43786.36	0.0	73786.36
cap91.txt	25	50	50	bernoulli	10	37500.0	53923.57	0.0	91423.57
cap91.txt	25	50	50	bernoulli	11	22500.0	31032.35	0.0	53532.35
cap91.txt	25	50	50	bernoulli	12	52500.0	87849.0	0.0	140349.0
cap91.txt	25	50	50	bernoulli	13	60000.0	94767.08	0.0	154767.08
cap91.txt	25	50	50	bernoulli	14	60000.0	103136.92	0.0	163136.92
cap91.txt	25	50	50	bernoulli	15	22500.0	59833.77	0.0	82333.77
cap91.txt	25	50	50	bernoulli	16	60000.0	83736.99	0.0	143736.99
cap91.txt	25	50	50	bernoulli	17	30000.0	71833.7	0.0	101833.7
cap91.txt	25	50	50	bernoulli	18	37500.0	66595.32	291.01	104386.33
cap91.txt	25	50	50	bernoulli	19	52500.0	70226.78	0.0	122726.78
cap91.txt	25	50	50	bernoulli	20	37500.0	75961.43	3239.77	116701.19
cap91.txt	25	50	50	bernoulli	21	22500.0	61436.81	4651.43	88588.24
cap91.txt	25	50	50	bernoulli	22	52500.0	82162.44	0.0	134662.44
cap91.txt	25	50	50	bernoulli	23	75000.0	121553.79	0.0	196553.79
cap91.txt	25	50	50	bernoulli	24	37500.0	77131.74	0.0	114631.74
cap91.txt	25	50	50	bernoulli	25	52500.0	100348.95	8149.62	160998.57
cap91.txt	25	50	50	bernoulli	26	75000.0	121496.96	0.0	196496.96
cap91.txt	25	50	50	bernoulli	27	67500.0	117912.99	0.0	185412.99
cap91.txt	25	50	50	bernoulli	28	37500.0	81830.44	0.0	119330.44
cap91.txt	25	50	50	bernoulli	29	60000.0	92466.64	0.0	152466.64
cap91.txt	25	50	50	bernoulli	30	45000.0	77089.26	0.0	122089.26
cap91.txt	25	50	50	bernoulli	31	45000.0	83768.76	0.0	128768.76
cap91.txt	25	50	50	bernoulli	32	52500.0	93202.69	0.0	145702.69
cap91.txt	25	50	50	bernoulli	33	67500.0	94605.62	4163.41	166269.03
cap91.txt	25	50	50	bernoulli	34	45000.0	85840.56	0.0	130840.56
cap91.txt	25	50	50	bernoulli	35	37500.0	67684.06	0.0	105184.06
cap91.txt	25	50	50	bernoulli	36	67500.0	107025.57	0.0	174525.57
cap91.txt	25	50	50	bernoulli	37	37500.0	58055.49	16063.52	111619.01
cap91.txt	25	50	50	bernoulli	38	45000.0	94428.95	0.0	139428.95
cap91.txt	25	50	50	bernoulli	39	45000.0	67428.12	0.0	112428.12
cap91.txt	25	50	50	bernoulli	40	30000.0	55914.27	0.0	85914.27
cap91.txt	25	50	50	bernoulli	41	45000.0	70278.97	0.0	115278.97
cap91.txt	25	50	50	bernoulli	42	45000.0	76407.33	0.0	121407.33
cap91.txt	25	50	50	bernoulli	43	45000.0	97122.16	0.0	142122.16
cap91.txt	25	50	50	bernoulli	44	52500.0	99873.57	0.0	152373.57
cap91.txt	25	50	50	bernoulli	45	37500.0	74457.36	0.0	111957.36
cap91.txt	25	50	50	bernoulli	46	67500.0	118514.78	0.0	186014.78
cap91.txt	25	50	50	bernoulli	47	82500.0	169305.96	0.0	251805.96
cap91.txt	25	50	50	bernoulli	48	67500.0	90780.27	0.0	158280.27
cap91.txt	25	50	50	bernoulli	49	52500.0	79046.49	0.0	131546.49
cap91.txt	25	50	50	bernoulli	50	22500.0	58423.66	4116.87	85040.53
