cap91.txt	25	50	50	bernoulli	2	1	120427.9	14978.44
cap91.txt	25	50	50	bernoulli	2	2	209404.13	32298.96
cap91.txt	25	50	50	bernoulli	2	18	125909.46	291.01
cap91.txt	25	50	50	bernoulli	2	20	119027.42	3239.77
cap91.txt	25	50	50	bernoulli	2	23	216133.24	14991.45
cap91.txt	25	50	50	bernoulli	2	26	242107.45	61830.11
cap91.txt	25	50	50	bernoulli	2	30	137335.35	18014.08
cap91.txt	25	50	50	bernoulli	2	31	138342.11	18303.19
cap91.txt	25	50	50	bernoulli	2	34	147756.02	22704.11
cap91.txt	25	50	50	bernoulli	2	42	149421.66	5683.58
cap91.txt	25	50	50	bernoulli	2	43	172303.71	39909.54
cap91.txt	25	50	50	bernoulli	2	47	290272.09	87953.1
cap91.txt	25	50	50	bernoulli	3	1	120427.9	14978.44
cap91.txt	25	50	50	bernoulli	3	2	215883.92	32298.96
cap91.txt	25	50	50	bernoulli	3	14	170825.46	10014.97
cap91.txt	25	50	50	bernoulli	3	20	119027.42	3239.77
cap91.txt	25	50	50	bernoulli	3	25	169686.27	8149.62
cap91.txt	25	50	50	bernoulli	3	30	137335.35	18014.08
cap91.txt	25	50	50	bernoulli	3	31	138342.11	18303.19
cap91.txt	25	50	50	bernoulli	3	34	147756.02	22704.11
cap91.txt	25	50	50	bernoulli	3	43	172303.71	39909.54
cap91.txt	25	50	50	bernoulli	3	47	264656.31	20453.1
cap91.txt	25	50	50	bernoulli	4	1	114999.07	8792.82
cap91.txt	25	50	50	bernoulli	4	2	215883.92	32298.96
cap91.txt	25	50	50	bernoulli	4	14	170825.46	10014.97
cap91.txt	25	50	50	bernoulli	4	25	169686.27	8149.62
cap91.txt	25	50	50	bernoulli	4	47	264656.31	20453.1
