cap91.txt	25	50	25	bernoulli	1	37500.0	53044.52	0.0	90544.52
cap91.txt	25	50	25	bernoulli	2	67500.0	96306.0	0.0	163806.0
cap91.txt	25	50	25	bernoulli	3	37500.0	67050.47	0.0	104550.47
cap91.txt	25	50	25	bernoulli	4	67500.0	123988.61	0.0	191488.61
cap91.txt	25	50	25	bernoulli	5	22500.0	49506.99	0.0	72006.99
cap91.txt	25	50	25	bernoulli	6	22500.0	38678.29	535.48	61713.77
cap91.txt	25	50	25	bernoulli	7	52500.0	106411.68	0.0	158911.68
cap91.txt	25	50	25	bernoulli	8	37500.0	89242.78	0.0	126742.78
cap91.txt	25	50	25	bernoulli	9	30000.0	43786.36	0.0	73786.36
cap91.txt	25	50	25	bernoulli	10	37500.0	53923.57	0.0	91423.57
cap91.txt	25	50	25	bernoulli	11	22500.0	31032.35	0.0	53532.35
cap91.txt	25	50	25	bernoulli	12	52500.0	87849.0	0.0	140349.0
cap91.txt	25	50	25	bernoulli	13	60000.0	94767.08	0.0	154767.08
cap91.txt	25	50	25	bernoulli	14	60000.0	103136.92	0.0	163136.92
cap91.txt	25	50	25	bernoulli	15	22500.0	59833.77	0.0	82333.77
cap91.txt	25	50	25	bernoulli	16	60000.0	83736.99	0.0	143736.99
cap91.txt	25	50	25	bernoulli	17	30000.0	71833.7	0.0	101833.7
cap91.txt	25	50	25	bernoulli	18	37500.0	66595.32	291.01	104386.33
cap91.txt	25	50	25	bernoulli	19	52500.0	70226.78	0.0	122726.78
cap91.txt	25	50	25	bernoulli	20	37500.0	75961.43	3239.77	116701.19
cap91.txt	25	50	25	bernoulli	21	22500.0	61436.81	4651.43	88588.24
cap91.txt	25	50	25	bernoulli	22	52500.0	82162.44	0.0	134662.44
cap91.txt	25	50	25	bernoulli	23	75000.0	121553.79	0.0	196553.79
cap91.txt	25	50	25	bernoulli	24	37500.0	77131.74	0.0	114631.74
cap91.txt	25	50	25	bernoulli	25	52500.0	100348.95	8149.62	160998.57
